     68.8720000      24.9730000      26.5400000              52      25.3780000      24.9360000      99.5070000              89              41      11.4590000 
     40.9960000      49.1430000              23       9.9770000              13      94.5310000              31      13.4740000      48.1880000              87 
             36       0.6220000      76.0290000              37              72      70.8500000      93.0580000              54              23              18 
     99.5090000              35      78.7360000       3.9110000      64.7850000              56      28.0490000      88.0510000               2              56 
             93      34.1860000      60.0330000              12       8.6550000               9              55      73.4990000               4              20 
             21              78      54.4500000      78.6640000              27      80.4650000              79      74.2250000               5              64 
             42               4              88      14.2420000      56.6950000      91.3220000              33              80              90              72 
     11.2060000              41              63              60              59      70.5760000      43.3920000               4              36      48.2350000 
             96              92      33.1840000              78      57.2100000      75.4610000              27              98      13.1240000      20.1290000 
     75.8510000              99      20.6870000       6.6080000      90.4910000              91              99      22.0430000              43              71 
     69.8310000      30.9060000      91.9990000              91      39.8120000      18.9170000              17              38      40.0490000              36 
     31.1170000              54      70.0270000      91.6540000      72.8200000      67.7340000      14.3830000              67      16.9510000      24.5630000 
     28.9560000      70.0280000              70      30.0190000       8.4690000              18              97              34      89.6720000              47 
             37              33              48              77      89.4670000              67      97.6160000      65.9500000      68.5460000      30.6350000 
     89.2240000      63.6110000      72.2370000              31              80              19               8              64              23      16.7970000 
             71      86.8490000              73              37              63      99.9450000              36              81       5.3240000              91 
              4              86              86      85.9630000              39              34      32.0900000      99.6100000       3.9970000      37.7250000 
              1       8.4870000              60      20.9090000              49              73      76.8360000      73.4200000      94.7830000              74 
             13      22.5700000              98              54      86.8780000              46              39              78              15              36 
             24              42              13              75       1.2900000       8.7370000      87.8230000      92.1950000      34.6690000      36.8000000 
     23.7270000               5              71              38               8              72              13      85.9740000               1              96 
     70.4440000              42      46.8280000              75      44.4990000      96.9280000               6      77.6030000      94.8900000      14.3790000 
     42.0560000      81.1480000              75      55.2900000              87              26      28.6220000               2              74              55 
            100       4.6110000      18.1610000              26              92              40              73      60.9580000              83      35.3220000 
     99.4460000      33.2830000              66              10              22      10.9860000      95.7990000      32.2660000              69      27.5410000 
     42.6150000      90.8750000               1      19.8690000      96.0360000              35      92.6550000              81      57.5990000              35 
     17.8140000               1              23              55      51.3770000              99      51.4770000      45.3530000              84              65 
     42.3020000               4              14      80.9730000       6.5700000              65              81      61.8690000              82              84 
             17              59              14      73.8390000              69              18      42.6050000              80       3.4300000              56 
             21               3      81.4440000              32      97.0020000      20.8090000      91.8180000              12       2.2100000      46.0270000 
             63              52      45.6750000              46       0.8520000      42.7480000      11.1470000      95.3470000       6.9130000              10 
             80              33      97.5670000              55              65              69      15.6680000      56.3520000      96.0800000              33 
              0       4.3970000               4      75.6430000      70.6390000              26               7      68.0110000      15.4310000               6 
             74              50      30.8650000      26.6040000      23.3990000              33      17.1640000      82.8530000     100.1550000      41.9540000 
     29.8010000      45.6960000      18.1180000      70.8470000              65              70      74.8200000      76.5390000               7      79.4070000 
             61              38              76              63              37              53              40      93.7860000      46.9590000              49 
             10              16              73              33               2      89.1240000              83              13              35              76 
             95              54              29               9              75              48              91      87.3600000      49.4930000      36.6260000 
     14.3460000              54              72      87.5610000      32.1230000      11.5310000               8      21.5290000      97.7910000      24.5860000 
     10.0280000              57              79      31.8510000      85.7380000              94      99.2930000      85.5860000      11.1650000              65 
     44.2770000              66              24              40      40.1810000      58.2040000      87.8570000              38      60.8570000              65 
     29.7060000              91               6              20              96      78.8990000              90              17      64.0730000               0 
              1      49.3730000       0.0680000              79              40              47      79.4960000               3              44      62.6170000 
     80.0520000              46              47      14.1230000              26              21      49.8070000       6.8100000              51      79.3260000 
             77      97.3700000      90.1140000      32.7620000      63.0220000      44.8230000              34              69      92.2670000      98.6110000 
      7.1340000             100      72.5620000      86.3930000              31      46.6590000      34.0970000              17      10.1240000      64.2370000 
     71.3940000      19.5960000      46.2590000              47      72.2290000              52              48              84               6              90 
     23.2880000              33              66              61              41      57.3880000      72.0840000              73      26.9050000              24 
             99      66.8920000               7      73.0080000      87.6390000              96              30      90.5600000      22.7960000       8.5410000 
             23              54      24.8820000              62      58.0520000      51.2040000              69              38              57              36 
     21.5510000              10      28.2570000              41      80.2350000             