  48    2   59   31   43   47   34   24   93   24 
  43   25   32   88   31   26   86   38   97   37 
  45   79   60   40   24   21   43   12   99   99 
  31   59    2   17   30   51   96   30   45   96 
  67   26   35   16   27   76   42   25   80   57 
  79    6   13   72   16   26   37   11   38   75 
  35   44   23   80   32   28   77   38    4   66 
  47   90   52   64   55    2   29   61   69   49 
  13   33   69   95   21    0   91   29   53   80 
  68   13   83   60   62   17   40   14    5   72 
  54   53   57   71   50   81   60   75   31   34 
  58   28   57   89   90   76   40   81   93   36 
  92   69   65   78   98   34   75   19   16    5 
  28    9    7   35    1   85   58   87   35   37 
  50   99   39   68   77   28   21   76   26    0 
  86   90   75   19   45   12   66   99   22   81 
  46   41   68   28    7   59   13   14   67   11 
   5   57   41   23   28   91   28   88    4   19 
  12   78    1   43   16   14   13   96    7   73 
  98   93   11   22   61   91   84   27   40   19 
  65   59   29   19   91   93   30   95   71   94 
  47   87   22   12   30   12   27   43   64    6 
  79   21   42   98   97   60   59   89   56   48 
  47    7   40   60   11   78   27   65   42    3 
  62   10   19   73   69   36   34   28   26   42 
  85   67   79    5   36   42   88   34   32   99 
  29   91   17   74   88   27  100   15   19   21 
  55   26   65   96   68   27   57   69   45   91 
  33   58   60    1   48   39    8   30   76   46 
  74   40    8   40   57   60    9    2   90   86 
  82   17   60  100   53   54    9   19   89   72 
  69   21   79   97   73   87   76   39   36   75 
  63   66    3   19   92   48   97    7   13   18 
  29   77   77   44   49   51    8   89   38   87 
  64  100   90   17    7   76    9    8   98   78 
  52   53   63   93   66   91   83   83   99    6 
  25   41   18   59   17   71   18   46   28   56 
  31   88   82   53   70    3   73   81   62    9 
   6   39   42   59    8    5   40    5   83   90 
  56   53   86   35   16   38   74    9   72   45 
  26   18   43   56   54   32   59   86   52   11 
  31   47   48   71   56   56   46   13   40   67 
   4   42   95    4   56    6   43   10   70   55 
  26   51   36   96   20   51   94   93   89    5 
  44   46   31   44   27   34    0   28   48    9 
  17   83   69   86   83   22   19   63   81   12 
  94   50    9   71   20   22   96   16   28   92 
  86   90   66   84   89   43   13   63   51   39 
  10   30   61   17    9    7   27   39   85   61 
  79   81   95   31   68   61   59   96   95   26 
 100   51   64   11   69    3   52   59   39   11 
  52   78   59  100   10   45   77   75   81    1 
  91   63   57   98   90   84   70   84   70   31 
  40   45   68    1   38   28   30   16   88   31 
   7    8   19   18   48   90   47    5   40   95 
  40   25    9   92    7   49   67   97    4   61 
   1   18   53   75   12   41   20   53   65   16 
  91   77   90   16   41   68   69   66    5   55 
  92   68   58   51   44   79   99   74   87   14 
  87   24   35   67   55   13   39   83   24   95 
  21   35   79   50   37   74   89   23   51   49 
  71   19   50   37   38   97   40   20   80   22 
  86   87   66   72   96   68   73    4   77   16 
  68   17   89   99    4   83   73   58   11   21 
  61   63   90   47   60   49   42   10   85   31 
  79    2   81   30   19   20   49   41   44   89 
  91   53   84   89    1   72   52   48    7   33 
  40   95   13   87   64   64  100   95   89   19 
   7   93   14   39   70   70   61   56    5   91 
  14   64   72   84    8   38   37   22   45   12 
  30    5    1   24   67   11   60   24   82   77 
  67   91   87   17   88   26   38    3   47   90 
  25   58   45   31   56   29   99    6   26   63 
  43   82   19   72    3   90   33   94    9   64 
  59   50   23   82   51   88   97   74   60   47 
  71   11   19   74   16   52   10   95   26    1 
  48   12   56   63   45   84   53   26   74    2 
  15   58   21   81   81   86   86   18   31   71 
  99   93   77   40   54   13   26   97   52   25 
  85   49   39   45   32   11   69   87   54   76 
  10   79   50   66    5    4   31   98   30    8 
  83   30   17   59   53   78   52   46   99    6 
  38   52   93   46   95   47   75   86   51   85 
   7   41   21   89   61   91   96   66   43   58 
  85   92   38   46   72   45   41   65    0   94 
  84   35   79   52   95   15   75   63   38    5 
  50   84   20   35   48   70   79   32   27   86 
  65    9   15   91   94   44   24   82   36   30 
  48   78   62   14   34    0   68   58   98   58 
  31   94   27   55    3   43   99   92   11   36 
  87    5   27   49   51   73   51   39   38   88 
  93   47   11   79   48   92   21   21   20    7 
  56   64   26   41   52   78   80   64   50    7 
  51   48   20   44   42   84   94   99   22   85 
  86   21   25   83   79   82   90    2   14   39 
  97   78   10   33   51   52   99    4   81   75 
  50    1   80   73   30   49   13   77   16   79 
  33   25   49   35   11   57    9   38   76    6 
  47   38   85   25   99   98    3    2   60   98 
  56   72   23   50   72   18   87   52   37   12 
