           |      1.000     2.000     3.000     4.000     5.000     6.000     7.000     8.000     9.000    10.000
-----------------------------------------------------------------------------------------------------------------
     1.000 |      1.414     2.236     3.162     4.123     5.099     6.083     7.071     8.062     9.055    10.050
     2.000 |      2.236     2.828     3.606     4.472     5.385     6.325     7.280     8.246     9.220    10.198
     3.000 |      3.162     3.606     4.243     5.000     5.831     6.708     7.616     8.544     9.487    10.440
     4.000 |      4.123     4.472     5.000     5.657     6.403     7.211     8.062     8.944     9.849    10.770
     5.000 |      5.099     5.385     5.831     6.403     7.071     7.810     8.602     9.434    10.296    11.180
     6.000 |      6.083     6.325     6.708     7.211     7.810     8.485     9.220    10.000    10.817    11.662
     7.000 |      7.071     7.280     7.616     8.062     8.602     9.220     9.899    10.630    11.402    12.207
     8.000 |      8.062     8.246     8.544     8.944     9.434    10.000    10.630    11.314    12.042    12.806
     9.000 |      9.055     9.220     9.487     9.849    10.296    10.817    11.402    12.042    12.728    13.454
    10.000 |     10.050    10.198    10.440    10.770    11.180    11.662    12.207    12.806    13.454    14.142
